.Random.seed <-
c(403L, 12L, -706735289L, -377231058L, -1781137272L, -1829141109L, 
1442618729L, 980897592L, -1637273114L, 54633857L, 303921427L, 
595113666L, -722095756L, 241355127L, 1755658861L, 215512324L, 
739790890L, 2028375445L, 2086998575L, -526393546L, 2100207456L, 
1606313379L, -906309951L, 2070832816L, -108871218L, 1525953849L, 
-1690130101L, -1375331590L, 918133756L, 317971519L, -1326267115L, 
-1799344596L, -2094845182L, -676720675L, -571372841L, 336561598L, 
259473400L, -935035941L, -2087127495L, 1363926920L, 1634836278L, 
-599696015L, -1873823837L, -747077902L, 70035012L, -1805842169L, 
1485066461L, -942574124L, -260855558L, 881020997L, -883263329L, 
452665894L, -251955536L, 285580115L, 417363569L, -2050409568L, 
1107241790L, 60863049L, 1779001083L, -1661937974L, 648357932L, 
212103215L, 1819513061L, -441845348L, -1581939726L, -1606222227L, 
414935975L, 49206734L, -1167080664L, 169429291L, -2127834295L, 
-1194002344L, 1590156550L, -1449248543L, -1298878349L, 629247202L, 
765418580L, -197320361L, 513392973L, 1315099876L, -1021237046L, 
-1830976203L, 901114767L, -1579339626L, 2130096192L, -1998808829L, 
1574171937L, 1793070608L, -1593637394L, 1336605081L, -1410484693L, 
-651903206L, -631773732L, 498699231L, -1923957835L, 128410956L, 
-1436150878L, 807361277L, -63740937L, -2127520482L, 230645720L, 
1939697979L, 1116628697L, -443966872L, 268102550L, -16347375L, 
914585795L, 943327442L, 1004154212L, -1945079641L, 2104681981L, 
-2109294604L, 861749466L, 124195365L, 176262975L, 579681478L, 
2034594128L, -1063607949L, -1206088815L, 1213955520L, -297453666L, 
1998326121L, -129054309L, -370123606L, -2091889972L, 1938319L, 
1483089861L, -171955332L, -244714542L, -2132942003L, -1001856505L, 
-1004428818L, -993444664L, 1925026763L, -923879895L, 1927527544L, 
-1707705946L, 1848040385L, 1042864211L, -1663824126L, -1820419532L, 
598765495L, -5115987L, 1784794308L, -839646998L, 750065493L, 
1723435247L, -387858698L, 1423788576L, 2057494499L, -1024912255L, 
18080496L, -1895683698L, 505906937L, 1755305099L, -119898950L, 
-532129860L, 319063295L, 494684245L, -1323713684L, 1518506946L, 
-1778199523L, 281576599L, -974794242L, 112341432L, -1029276261L, 
-1818885127L, 1735682888L, 428729974L, -959733839L, 1942372835L, 
331007666L, -304366844L, -587790265L, -967303395L, 1065813396L, 
635685178L, -1722051195L, -1881506209L, 1823262950L, 2108869488L, 
-1160696685L, -2051753679L, 105816032L, 1151870078L, -1319147767L, 
1572981051L, 366898442L, 133809388L, 1149489519L, -1639606619L, 
1355565148L, 707412018L, -454289619L, -314608153L, -1406736114L, 
170692328L, -1018953493L, -161480311L, 727490840L, -1699408826L, 
-309715807L, 1306256179L, -2052429150L, -1706745452L, -631156713L, 
-445749235L, 1139727652L, -1853904630L, -373571467L, 809405391L, 
-753525546L, -1942950784L, 1438757571L, 892165217L, -769237808L, 
-1078137298L, 2031087577L, 199561195L, 623076954L, -1184391140L, 
1424301343L, -1912758923L, -1505375220L, -340865566L, 1669017277L, 
-1263883977L, 462089694L, -132160744L, -2017692782L, 892469856L, 
-1888471156L, 1964537696L, 1856484322L, -191648856L, -1564590900L, 
-347883012L, 1861191602L, -1638590992L, -212585020L, -475117224L, 
1076026746L, -680002128L, 975795132L, -2041569196L, 1806913474L, 
1858883616L, 724979900L, -2097264048L, -191629342L, -601203096L, 
-138801588L, -1770700548L, -668137486L, 1812587776L, 1706906484L, 
-1972367352L, -33451590L, 622734800L, -1928662036L, 965421972L, 
-2137019438L, -2065332384L, 1357062476L, 1016295712L, -1856462974L, 
-1150466328L, 480524524L, 1077843516L, -1110879374L, 956569200L, 
2143757348L, 1053032248L, 794097818L, 741383888L, -904422212L, 
-526349676L, -1586539902L, -366960448L, -1726032580L, -1850525552L, 
1336555042L, 818754056L, 1693203724L, -1540140388L, 2138261010L, 
1117342080L, 1635129876L, -95891928L, 290124090L, 1852570576L, 
-398426516L, 1278300980L, 690459282L, -1216993952L, -1185604276L, 
-490548256L, -2005143646L, 1688207272L, 1081165708L, 1208634044L, 
-1082240142L, -1994987280L, 1309017156L, 1315030360L, 960413754L, 
-1439935632L, -1703562180L, 979704596L, 516089282L, 1351146720L, 
1406664572L, 1916425936L, 1017653922L, -907672536L, -1658612L, 
-878634052L, -1841881806L, 1506297792L, -1054042572L, -1105747000L, 
-2002666310L, -1129791600L, -1607237140L, -1739197356L, -674788718L, 
1415981856L, 2033789388L, -1289071648L, 1750650562L, 537515560L, 
81727148L, 423149244L, 1378451954L, -1510952656L, 147663012L, 
258120376L, 2015631194L, 2027408784L, 1869815164L, -672675564L, 
824804674L, -485477632L, 1894949820L, 1766323024L, -489251550L, 
-587364024L, -1139172340L, -1167494052L, -1571584814L, 55866368L, 
-29767852L, -832947736L, 285893626L, 1671447248L, -1306686164L, 
1953481972L, -1412885614L, 146871392L, -1666459380L, -652881184L, 
-1578033822L, -1632438616L, -554041780L, -617688196L, 1081868082L, 
220973680L, -408022716L, -683898920L, -73558918L, -425104848L, 
-806783300L, -749893804L, 644716098L, 1072781216L, 189293756L, 
-270904880L, -353767070L, -497233944L, -1558064180L, -504760580L, 
223466482L, 1644489856L, -1287575308L, -212492152L, 1351438650L, 
1775897424L, 637292652L, 1126886548L, 1972933970L, 1596414688L, 
252583116L, 1558021280L, -2006891134L, -999394072L, 986866924L, 
1886668860L, 1588145266L, -219255696L, -991276508L, 722597432L, 
-81034726L, -686117680L, 1169043004L, 980445332L, -1461898110L, 
-551201856L, 957851964L, 593497744L, -1772555230L, -1636794360L, 
709854348L, 466484252L, 263786642L, -1951777664L, 1883147284L, 
-1882626264L, -511176646L, -942860080L, 881467500L, 1984648884L, 
-783008750L, 730788832L, 324191180L, 998124000L, -1219921886L, 
-1319432920L, -1909145332L, 764682812L, 1196435698L, 1269378288L, 
-1662894268L, 1818090584L, -1793704390L, -1743603472L, -1332476228L, 
1643020820L, 1349715138L, 393386592L, -1998290564L, -1721443120L, 
2054492194L, 452564136L, -856723060L, -1733078596L, 273468466L, 
-1248391360L, -2073474380L, -597041848L, -1129310534L, 139201296L, 
-1129604884L, -1277735852L, -579521774L, -1081799264L, -1232459828L, 
1483612809L, 1236289211L, 13878540L, 788138138L, -1552601585L, 
-1062737319L, 1284867822L, -1830840964L, -885713427L, -1663847785L, 
1776799072L, -343107266L, -2114559477L, -1278929267L, -950748230L, 
-1537314312L, -470622815L, 534557523L, -71624076L, -353518590L, 
2085301911L, -557410207L, 218150054L, -63363932L, 632907093L, 
917818879L, -1858591592L, -22433354L, 1714555459L, 229060485L, 
395865122L, 476462864L, 1694448313L, -1826082965L, -525824420L, 
801043338L, 636382079L, -1248225591L, -1122902178L, 1682146316L, 
1082516445L, 1206814439L, -49551600L, 1423750702L, -326767397L, 
1584644541L, 405266218L, -1264613432L, 266386673L, -1614630301L, 
1938314852L, -1066951278L, -1375094169L, 2130760241L, -1046675594L, 
-656874348L, -780346715L, 418453423L, -1460378520L, -536770490L, 
-2081636877L, 1416132949L, 1438485298L, 1581313792L, -134644759L, 
-1247705509L, 1030690988L, -1999892806L, 1561169007L, 1640401401L, 
-1869665138L, 1472169308L, 1450390989L, -1612252873L, -136125504L, 
2070731934L, -1616592533L, -1490634515L, 674210138L, 1933031960L, 
-844183679L, 1344210227L, -1012700332L, 2038168930L, -1600119305L, 
-968944063L, 1874989766L, -1543912444L, 2030097333L, 760442015L, 
1961928952L, -2120752938L, 831867235L, -1738300123L, 412066498L, 
-447033424L, 703509465L, 1191845195L, -488137796L, -719797270L, 
-2037930977L, 1743250089L, -79944130L, 1619712812L, -1548577411L, 
-1005347897L, -959747408L, 595253454L, -328232453L, 130171485L, 
-1708835446L, -1294809688L, -1577219311L, -85063165L, -1685988092L, 
1816197426L, 1465018247L, -1972906543L, 1777977174L, -1349085900L, 
110820421L, 1358292111L, 443970056L, -51335642L, -1675766061L, 
364611637L, 1667311506L, 819877728L, 679744201L, 1301706235L, 
489316812L, -95336358L, 746386767L, -745669607L, 507953710L, 
-303038404L, -1927666259L, 1344542295L, 246343584L, -11516674L, 
1253185483L, -20569651L, 353989882L, -1835018440L, -863058719L, 
